038
032 0.000000000 0.000000000 0
097 0.000000000 0.019417480 9
098 0.029126210 0.048543690 9
099 0.058252430 0.077669900 9
100 0.087378640 0.106796100 9
101 0.116504900 0.131068000 7
102 0.143203900 0.157767000 7
103 0.169902900 0.189320400 9
104 0.199029100 0.213592200 7
105 0.225728200 0.230582500 3
106 0.240291300 0.259708700 9
107 0.269417500 0.283980600 7
108 0.296116500 0.310679600 7
109 0.322815500 0.342233000 9
110 0.351941700 0.371359200 9
111 0.381068000 0.400485400 9
112 0.410194200 0.429611700 9
113 0.439320400 0.458737900 9
114 0.468446600 0.487864100 9
115 0.497572800 0.516990300 9
116 0.526699000 0.546116500 9
117 0.555825200 0.575242700 9
118 0.584951500 0.604368900 9
119 0.614077700 0.633495200 9
120 0.643203900 0.657767000 7
121 0.669902900 0.689320400 9
122 0.699029100 0.713592200 7
048 0.725728200 0.740291200 7
049 0.752427200 0.764563100 6
050 0.774271800 0.788834900 7
051 0.800970900 0.815534000 7
052 0.827669900 0.842233000 7
053 0.854368900 0.868932100 7
054 0.881067900 0.895631100 7
055 0.907767000 0.922330100 7
056 0.934466000 0.949029100 7
057 0.961165100 0.975728200 7
058 0.987864100 0.995145600 4