038
032 0.000000000 0.000000000 0
097 0.000000000 0.021739130 10
098 0.028985510 0.050724640 10
099 0.057971020 0.079710150 10
100 0.086956520 0.108695600 10
101 0.115942000 0.132850200 8
102 0.142512100 0.159420300 8
103 0.169082100 0.190821300 10
104 0.198067600 0.214975800 8
105 0.224637700 0.231884100 4
106 0.239130400 0.260869600 10
107 0.268115900 0.285024200 8
108 0.294686000 0.311594200 8
109 0.321256000 0.342995200 10
110 0.350241500 0.371980700 10
111 0.379227000 0.400966200 10
112 0.408212600 0.429951700 10
113 0.437198100 0.458937200 10
114 0.466183600 0.487922700 10
115 0.495169100 0.516908200 10
116 0.524154600 0.545893700 10
117 0.553140100 0.574879200 10
118 0.582125600 0.603864700 10
119 0.611111100 0.632850200 10
120 0.640096600 0.657004800 8
121 0.666666700 0.688405800 10
122 0.695652200 0.712560400 8
048 0.722222200 0.739130400 8
049 0.748792300 0.763285000 7
050 0.770531400 0.787439600 8
051 0.797101400 0.814009700 8
052 0.823671500 0.840579700 8
053 0.850241500 0.867149800 8
054 0.876811600 0.893719800 8
055 0.903381600 0.920289900 8
056 0.929951700 0.946859900 8
057 0.956521700 0.973430000 8
058 0.983091800 0.992753600 5
