038
032 0.000000000 0.000000000 0
097 0.000000000 0.018587360 11
098 0.029739780 0.048327140 11
099 0.059479550 0.078066920 11
100 0.089219330 0.107806700 11
101 0.118959100 0.133829000 9
102 0.144981400 0.159851300 9
103 0.171003700 0.189591100 11
104 0.200743500 0.215613400 9
105 0.226765800 0.230483300 3
106 0.241635700 0.260223100 11
107 0.271375500 0.286245300 9
108 0.297397800 0.312267700 9
109 0.323420100 0.342007400 11
110 0.353159800 0.371747200 11
111 0.382899600 0.401487000 11
112 0.412639400 0.431226800 11
113 0.442379200 0.460966600 11
114 0.472119000 0.490706300 11
115 0.501858700 0.520446100 11
116 0.531598500 0.550185900 11
117 0.561338300 0.579925700 11
118 0.591078000 0.609665500 11
119 0.620817800 0.639405200 11
120 0.650557600 0.665427500 9
121 0.676580000 0.695167300 11
122 0.706319700 0.721189600 9
048 0.732342000 0.747211900 9
049 0.758364300 0.769516700 7
050 0.780669200 0.795539000 9
051 0.806691500 0.821561300 9
052 0.832713800 0.847583700 9
053 0.858736000 0.873606000 9
054 0.884758400 0.899628300 9
055 0.910780700 0.925650500 9
056 0.936803000 0.951672900 9
057 0.962825300 0.977695200 9
058 0.988847600 0.996282500 5