038
032 0.000000000 0.000000000 0
097 0.000000000 0.016697590 10
098 0.029684600 0.046382190 10
099 0.059369200 0.076066790 10
100 0.089053800 0.105751400 10
101 0.118738400 0.131725400 8
102 0.144712400 0.157699500 8
103 0.170686500 0.187384000 10
104 0.200371100 0.213358100 8
105 0.226345100 0.228200400 2
106 0.241187400 0.257885000 10
107 0.270872000 0.283859000 8
108 0.296846000 0.309833000 8
109 0.322820000 0.339517600 10
110 0.352504600 0.369202200 10
111 0.382189200 0.398886800 10
112 0.411873800 0.428571400 10
113 0.441558500 0.458256000 10
114 0.471243100 0.487940600 10
115 0.500927600 0.517625200 10
116 0.530612200 0.547309800 10
117 0.560296800 0.576994400 10
118 0.589981400 0.606679000 10
119 0.619666000 0.636363600 10
120 0.649350600 0.662337700 8
121 0.675324700 0.692022300 10
122 0.705009300 0.717996300 8
048 0.730983300 0.743970300 8
049 0.756957400 0.766233700 6
050 0.779220800 0.792207800 8
051 0.805194800 0.818181800 8
052 0.831168800 0.844155800 8
053 0.857142900 0.870129900 8
054 0.883116900 0.896103900 8
055 0.909090900 0.922077900 8
056 0.935064900 0.948051900 8
057 0.961038900 0.974026000 8
058 0.987013000 0.992578900 4