038
032 0.000000000 0.000000000 0
097 0.000000000 0.016949150 8
098 0.029055690 0.046004840 8
099 0.058111380 0.075060530 8
100 0.087167070 0.104116200 8
101 0.116222800 0.128329300 6
102 0.142857100 0.154963700 6
103 0.169491500 0.186440700 8
104 0.198547200 0.210653800 6
105 0.225181600 0.227602900 2
106 0.239709400 0.256658600 8
107 0.268765100 0.280871700 6
108 0.295399500 0.307506100 6
109 0.322033900 0.338983100 8
110 0.351089600 0.368038700 8
111 0.380145300 0.397094400 8
112 0.409201000 0.426150100 8
113 0.438256700 0.455205800 8
114 0.467312300 0.484261500 8
115 0.496368100 0.513317200 8
116 0.525423700 0.542372900 8
117 0.554479400 0.571428600 8
118 0.583535100 0.600484300 8
119 0.612590800 0.629540000 8
120 0.641646500 0.653753000 6
121 0.668280900 0.685230000 8
122 0.697336600 0.709443100 6
048 0.723970900 0.736077500 6
049 0.750605300 0.760290600 5
050 0.772397100 0.784503600 6
051 0.799031500 0.811138000 6
052 0.825665800 0.837772400 6
053 0.852300200 0.864406800 6
054 0.878934600 0.891041200 6
055 0.905569000 0.917675600 6
056 0.932203400 0.944309900 6
057 0.958837700 0.970944300 6
058 0.985472100 0.990314800 3